ARES_R_RIGHT_V1 41 0.080000000000000002 1788763784 2
1.537999987602234 -6.926000118255615 189.1380004882812 -0.09517280368620025 -0.04333652528685755 1.491610668446672
-6.133185307179586 -2.031661564992912 -2.1189280275926285 -6.133185307179586 -1.9443951023931954 -6.133185307179586
6.133185307179586 2.031661564992912 2.1189280275926285 6.133185307179586 1.9443951023931954 6.133185307179586
0.6952933669090271 0.061790455132722855 0.7415348887443542 -3.7409987449645996 -0.47441864013671875 1.7072174549102783
0.6952934265136719 0.061790455132722855 0.7415348291397095 -3.7409985065460205 -0.47441866993904114 1.7072174549102783
0.6952933669090271 0.061790455132722855 0.7415348887443542 -3.7409987449645996 -0.47441864013671875 1.7072174549102783
0.6952934265136719 0.061790455132722855 0.7415348291397095 -3.7409985065460205 -0.47441866993904114 1.707219123840332
0.6952933669090271 0.061790455132722855 0.7415348887443542 -3.7409985065460205 -0.47441864013671875 1.707230806350708
0.6952933073043823 0.06179045885801315 0.7415348291397095 -3.7409980297088623 -0.47441866993904114 1.7072603702545166
0.6952931880950928 0.06179045885801315 0.7415347695350647 -3.740997791290283 -0.47441864013671875 1.7073066234588623
0.6952930688858032 0.06179045885801315 0.7415347695350647 -3.740997552871704 -0.47441864013671875 1.707366704940796
0.6952930688858032 0.06179046258330345 0.7415347099304199 -3.740997076034546 -0.47441861033439636 1.7074395418167114
0.6952928900718689 0.06179046258330345 0.7415345907211304 -3.7409963607788086 -0.474418580532074 1.7075244188308716
0.6952927708625793 0.06179046630859375 0.7415344715118408 -3.7409958839416504 -0.4744185209274292 1.70762038230896
0.6952926516532898 0.06179046258330345 0.7415344715118408 -3.740995168685913 -0.4744185209274292 1.7077263593673706
0.6952924728393555 0.06179046630859375 0.7415343523025513 -3.740994453430176 -0.4744184613227844 1.7078412771224976
0.6952924132347107 0.06179046258330345 0.7415342330932617 -3.7409942150115967 -0.47441843152046204 1.7079640626907349
0.6952923536300659 0.06179046630859375 0.7415341138839722 -3.7409937381744385 -0.47441843152046204 1.7080938816070557
0.6952922344207764 0.06179046630859375 0.7415340542793274 -3.7409932613372803 -0.47441837191581726 1.708229422569275
0.6952922344207764 0.06179047003388405 0.7415339350700378 -3.740992784500122 -0.4744183123111725 1.7083700895309448
0.6952921748161316 0.06179046630859375 0.7415338754653931 -3.740992784500122 -0.4744183123111725 1.70851469039917
0.6952921748161316 0.06179047003388405 0.7415337562561035 -3.740992307662964 -0.4744182825088501 1.7086621522903442
0.6952921152114868 0.06179046630859375 0.7415336966514587 -3.740992546081543 -0.4744182825088501 1.708811640739441
0.6952921748161316 0.06179047003388405 0.741533637046814 -3.740992784500122 -0.4744182825088501 1.708962321281433
0.6952921152114868 0.06179046630859375 0.741533637046814 -3.740992784500122 -0.4744182825088501 1.7091127634048462
0.6952921748161316 0.06179047003388405 0.7415336966514587 -3.740993022918701 -0.4744183123111725 1.7092622518539429
0.6952921748161316 0.06179046630859375 0.7415336966514587 -3.7409934997558594 -0.4744182825088501 1.7094097137451172
0.6952922344207764 0.06179047003388405 0.7415337562561035 -3.7409939765930176 -0.4744183421134949 1.7095541954040527
0.6952922940254211 0.06179046630859375 0.7415338754653931 -3.740994453430176 -0.4744183421134949 1.7096951007843018
0.6952924132347107 0.06179046258330345 0.7415339946746826 -3.740995168685913 -0.4744183421134949 1.7098308801651
0.6952924728393555 0.06179046258330345 0.7415340542793274 -3.740995407104492 -0.47441840171813965 1.709960699081421
0.6952926516532898 0.06179045885801315 0.7415341734886169 -3.7409958839416504 -0.47441843152046204 1.7100836038589478
0.6952927708625793 0.06179046258330345 0.7415342926979065 -3.7409963607788086 -0.4744184613227844 1.7101985216140747
0.6952928304672241 0.06179045885801315 0.7415343523025513 -3.740996837615967 -0.4744184911251068 1.710304617881775
0.6952930092811584 0.06179045885801315 0.7415344715118408 -3.740997314453125 -0.4744185507297516 1.7104007005691528
0.6952930688858032 0.061790455132722855 0.7415345907211304 -3.740997791290283 -0.4744185507297516 1.7104856967926025
0.6952931880950928 0.06179045885801315 0.7415346503257751 -3.7409980297088623 -0.474418580532074 1.7105586528778076
0.6952932476997375 0.061790455132722855 0.7415347695350647 -3.7409985065460205 -0.474418580532074 1.7106187343597412
0.6952933669090271 0.061790455132722855 0.7415347695350647 -3.7409982681274414 -0.47441864013671875 1.7106651067733765
0.6952933669090271 0.061790455132722855 0.7415348291397095 -3.7409987449645996 -0.47441864013671875 1.710694670677185
0.6952934265136719 0.061790455132722855 0.7415348291397095 -3.7409985065460205 -0.47441866993904114 1.710706353187561
0.6952933669090271 0.061790455132722855 0.7415348887443542 -3.7409987449645996 -0.47441864013671875 1.7107080221176147
0.6952934265136719 0.061790455132722855 0.7415348291397095 -3.7409985065460205 -0.47441866993904114 1.7107080221176147
0.6952933669090271 0.061790455132722855 0.7415348887443542 -3.7409987449645996 -0.47441864013671875 1.7107080221176147
