ARES_R_RIGHT_V1 513 0.080000000000000002 1788764604 2
1.537999987602234 -6.926000118255615 189.1380004882812 -0.09517280368620025 -0.04333652528685755 1.491610668446672
-6.133185307179586 -2.031661564992912 -2.1189280275926285 -6.133185307179586 -1.9443951023931954 -6.133185307179586
6.133185307179586 2.031661564992912 2.1189280275926285 6.133185307179586 1.9443951023931954 6.133185307179586
0.6952933669090271 0.061790455132722855 0.7415348887443542 -3.7409987449645996 -0.47439467906951904 1.710716962814331
0.6952933762222528 0.061790455714799464 0.7415348887443542 -3.7409987822175026 -0.47439467906951904 1.7107169441878796
0.6952933855354786 0.06179045629687607 0.7415348887443542 -3.7409988194704056 -0.47439467906951904 1.710716925561428
0.6952933948487043 0.06179045687895268 0.7415348887443542 -3.7409988567233086 -0.47439467906951904 1.7107169069349766
0.6952934041619301 0.06179045746102929 0.7415348887443542 -3.7409988939762115 -0.47439467906951904 1.710716888308525
0.6952934134751558 0.0617904580431059 0.7415348887443542 -3.7409989312291145 -0.47439467906951904 1.7107168696820736
0.6952934227883816 0.06179045862518251 0.7415348887443542 -3.7409989684820175 -0.47439467906951904 1.710716851055622
0.6952934265136719 0.06179045850876719 0.7415348831564188 -3.740998938679695 -0.47439467906951904 1.7107168436050415
0.6952934265136719 0.06179045792669058 0.741534873843193 -3.740998864173889 -0.47439467906951904 1.7107168436050415
0.6952934265136719 0.06179045734461397 0.7415348645299673 -3.740998789668083 -0.47439467906951904 1.7107168436050415
0.6952934265136719 0.06179045676253736 0.7415348552167416 -3.740998715162277 -0.47439467906951904 1.7107168436050415
0.6952934265136719 0.06179045618046075 0.7415348459035158 -3.7409986406564713 -0.47439467906951904 1.7107168436050415
0.6952934265136719 0.06179045559838414 0.7415348365902901 -3.7409985661506653 -0.47439467906951904 1.7107168436050415
0.6952934246510267 0.061790455249138176 0.7415348291397095 -3.740998513996601 -0.47439467906951904 1.7107168473303318
0.695293415337801 0.061790455831214786 0.7415348291397095 -3.740998551249504 -0.47439467906951904 1.7107168659567833
0.6952934060245752 0.061790456413291395 0.7415348291397095 -3.740998588502407 -0.47439467906951904 1.7107168845832348
0.6952933967113495 0.061790456995368004 0.7415348291397095 -3.74099862575531 -0.47439467906951904 1.7107169032096863
0.6952933873981237 0.06179045757744461 0.7415348291397095 -3.740998663008213 -0.47439467906951904 1.7107169218361378
0.695293378084898 0.06179045815952122 0.7415348291397095 -3.740998700261116 -0.47439467906951904 1.7107169404625893
0.6952933687716722 0.06179045874159783 0.7415348291397095 -3.740998737514019 -0.47439467906951904 1.7107169590890408
0.6952933669090271 0.061790458392351866 0.7415348365902901 -3.7409987449645996 -0.47439467906951904 1.710716962814331
0.6952933669090271 0.06179045781027526 0.7415348459035158 -3.7409987449645996 -0.47439467906951904 1.710716962814331
0.6952933669090271 0.06179045722819865 0.7415348552167416 -3.7409987449645996 -0.47439467906951904 1.710716962814331
0.6952933669090271 0.06179045664612204 0.7415348645299673 -3.7409987449645996 -0.47439467906951904 1.710716962814331
0.6952933669090271 0.06179045606404543 0.741534873843193 -3.7409987449645996 -0.47439467906951904 1.710716962814331
0.6952933669090271 0.06179045548196882 0.7415348831564188 -3.7409987449645996 -0.47439467906951904 1.710716962814331
0.6952946074306965 0.06178984325379133 0.7415343709290028 -3.7409988194704056 -0.4743943754583597 1.7107169553637505
0.69529770873487 0.061788313556462526 0.741533076390624 -3.7409990057349205 -0.4743936164304614 1.710716936737299
0.6953008100390434 0.06178678385913372 0.7415317818522453 -3.7409991919994354 -0.4743928574025631 1.7107169181108475
0.6953039113432169 0.061785254161804914 0.7415304873138666 -3.7409993782639503 -0.4743920983746648 1.710716899484396
0.6953070126473904 0.06178372446447611 0.7415291927754879 -3.7409995645284653 -0.47439133934676647 1.7107168808579445
0.6953101139515638 0.0617821947671473 0.7415278982371092 -3.74099975079298 -0.47439058031886816 1.710716862231493
0.6953132152557373 0.0617806650698185 0.7415266036987305 -3.740999937057495 -0.47438982129096985 1.7107168436050415
0.6953348871320486 0.0617699536960572 0.7415175419300795 -3.7410010546445847 -0.4743844894692302 1.7107168436050415
0.6953565590083599 0.061759242322295904 0.7415084801614285 -3.741002172231674 -0.4743791576474905 1.7107168436050415
0.6953782308846712 0.06174853094853461 0.7414994183927774 -3.7410032898187637 -0.47437382582575083 1.7107168436050415
0.6953999027609825 0.06173781957477331 0.7414903566241264 -3.7410044074058533 -0.47436849400401115 1.7107168436050415
0.6954215746372938 0.061727108201012015 0.7414812948554754 -3.741005524992943 -0.4743631621822715 1.7107168436050415
0.6954432465136051 0.06171639682725072 0.7414722330868244 -3.7410066425800323 -0.4743578303605318 1.7107168436050415
0.6954872142523527 0.061694668838754296 0.741453867405653 -3.741009011864662 -0.47434701677411795 1.7107168212532997
0.6955460458993912 0.061665596440434456 0.7414292991161346 -3.741012215614319 -0.4743325486779213 1.7107167840003967
0.6956048775464296 0.061636524042114615 0.7414047308266163 -3.7410154193639755 -0.47431808058172464 1.7107167467474937
0.6956637091934681 0.061607451643794775 0.7413801625370979 -3.741018623113632 -0.474303612485528 1.7107167094945908
0.6957225408405066 0.061578379245474935 0.7413555942475796 -3.741021826863289 -0.47428914438933134 1.7107166722416878
0.695781372487545 0.061549306847155094 0.7413310259580612 -3.7410250306129456 -0.4742746762931347 1.7107166349887848
0.6958513520658016 0.061514725792221725 0.7413018047809601 -3.741028815507889 -0.47425746731460094 1.7107165940105915
0.6959659233689308 0.06145811011083424 0.7412539720535278 -3.7410349249839783 -0.4742292948067188 1.710716538131237
0.69608049467206 0.06140149442944676 0.7412061393260956 -3.7410410344600677 -0.4742011222988367 1.7107164822518826
0.6961950659751892 0.06134487874805927 0.7411583065986633 -3.7410471439361572 -0.4741729497909546 1.710716426372528
0.6963096372783184 0.06128826306667179 0.7411104738712311 -3.7410532534122467 -0.47414477728307247 1.7107163704931736
0.6964242085814476 0.061231647385284305 0.7410626411437988 -3.741059362888336 -0.47411660477519035 1.7107163146138191
0.6965387798845768 0.06117503170389682 0.7410148084163666 -3.7410654723644257 -0.47408843226730824 1.7107162587344646
0.696709506213665 0.06109086284413934 0.7409436777234077 -3.7410745918750763 -0.4740465469658375 1.7107161581516266
0.696894271299243 0.060999805689789355 0.7408667225390673 -3.741084463894367 -0.47400123346596956 1.7107160463929176
0.6970790363848209 0.06090874853543937 0.7407897673547268 -3.741094335913658 -0.47395591996610165 1.7107159346342087
0.6972638014703989 0.06081769138108939 0.7407128121703863 -3.741104207932949 -0.47391060646623373 1.7107158228754997
0.6974485665559769 0.06072663422673941 0.7406358569860458 -3.74111407995224 -0.4738652929663658 1.7107157111167908
0.6976333316415548 0.060635577072389424 0.7405589018017054 -3.741123951971531 -0.4738199794664979 1.7107155993580818
0.6978453435003757 0.060531633673235774 0.7404710538685322 -3.741135209798813 -0.47376825101673603 1.7107154875993729
0.6980982255190611 0.060408360906876624 0.74036686681211 -3.7411485463380814 -0.47370690014213324 1.710715375840664
0.6983511075377464 0.06028508814051747 0.7402626797556877 -3.74116188287735 -0.47364554926753044 1.710715264081955
0.6986039895564318 0.06016181537415832 0.7401584926992655 -3.7411752194166183 -0.47358419839292765 1.710715152323246
0.6988568715751171 0.06003854260779917 0.7400543056428432 -3.741188555955887 -0.47352284751832485 1.710715040564537
0.6991097535938025 0.05991526984144002 0.739950118586421 -3.7412018924951553 -0.47346149664372206 1.710714928805828
0.6993626356124878 0.05979199707508087 0.7398459315299988 -3.741215229034424 -0.47340014576911926 1.7107148170471191
0.699677487835288 0.0596410168800503 0.7397183496505022 -3.741231620311737 -0.4733250066637993 1.7107146494090557
0.6999923400580883 0.05949003668501973 0.7395907677710056 -3.7412480115890503 -0.4732498675584793 1.7107144817709923
0.7003071922808886 0.05933905648998916 0.7394631858915091 -3.7412644028663635 -0.47317472845315933 1.7107143141329288
0.7006220445036888 0.05918807629495859 0.7393356040120125 -3.7412807941436768 -0.47309958934783936 1.7107141464948654
0.7009368967264891 0.05903709609992802 0.7392080221325159 -3.74129718542099 -0.4730244502425194 1.710713978856802
0.7012517489492893 0.05888611590489745 0.7390804402530193 -3.7413135766983032 -0.4729493111371994 1.7107138112187386
0.7016000617295504 0.05872121546417475 0.738941079005599 -3.7413314655423164 -0.472867245785892 1.7107136212289333
0.7019706815481186 0.05854703485965729 0.7387938648462296 -3.7413503527641296 -0.4727805629372597 1.710713416337967
0.7023413013666868 0.05837285425513983 0.7386466506868601 -3.741369239985943 -0.47269388008862734 1.7107132114470005
0.702711921185255 0.05819867365062237 0.7384994365274906 -3.741388127207756 -0.472607197239995 1.710713006556034
0.7030825410038233 0.05802449304610491 0.7383522223681211 -3.7414070144295692 -0.47252051439136267 1.7107128016650677
0.7034531608223915 0.05785031244158745 0.7382050082087517 -3.7414259016513824 -0.47243383154273033 1.7107125967741013
0.703833868727088 0.057672288618050516 0.7380545474588871 -3.741445206105709 -0.47234523575752974 1.7107123956084251
0.7042549289762974 0.05747889191843569 0.7378911003470421 -3.7414661794900894 -0.4722489882260561 1.7107122093439102
0.7046759892255068 0.05728549521882087 0.7377276532351971 -3.7414871528744698 -0.47215274069458246 1.7107120230793953
0.7050970494747162 0.05709209851920605 0.737564206123352 -3.74150812625885 -0.4720564931631088 1.7107118368148804
0.7055181097239256 0.056898701819591224 0.737400759011507 -3.7415290996432304 -0.4719602456316352 1.7107116505503654
0.705939169973135 0.0567053051199764 0.737237311899662 -3.741550073027611 -0.47186399810016155 1.7107114642858505
0.7063602302223444 0.05651190842036158 0.737073864787817 -3.741571046411991 -0.4717677505686879 1.7107112780213356
0.7068200334906578 0.05630464758723974 0.7368987053632736 -3.7415934801101685 -0.47166460007429123 1.710711032152176
0.7072895225137472 0.05609392072074115 0.7367206178605556 -3.741616278886795 -0.4715597238391638 1.710710771381855
0.7077590115368366 0.05588319385424256 0.7365425303578377 -3.7416390776634216 -0.47145484760403633 1.7107105106115341
0.708228500559926 0.055672466987743974 0.7363644428551197 -3.741661876440048 -0.4713499713689089 1.7107102498412132
0.7086979895830154 0.055461740121245384 0.7361863553524017 -3.741684675216675 -0.47124509513378143 1.7107099890708923
0.7091674786061049 0.055251013254746795 0.7360082678496838 -3.7417074739933014 -0.471140218898654 1.7107097283005714
0.7096558809280396 0.055033898213878274 0.7358247824013233 -3.7417310029268265 -0.4710321594029665 1.7107094749808311
0.7101726531982422 0.054807200911454856 0.7356332000344992 -3.7417556270956993 -0.47091932501643896 1.7107092328369617
0.7106894254684448 0.05458050360903144 0.735441617667675 -3.741780251264572 -0.4708064906299114 1.7107089906930923
0.7112061977386475 0.05435380630660802 0.7352500353008509 -3.741804875433445 -0.4706936562433839 1.710708748549223
0.7117229700088501 0.054127109004184604 0.7350584529340267 -3.741829499602318 -0.47058082185685635 1.7107085064053535
0.7122397422790527 0.053900411701761186 0.7348668705672026 -3.7418541237711906 -0.4704679874703288 1.7107082642614841
0.7127565145492554 0.05367371439933777 0.7346752882003784 -3.7418787479400635 -0.47035515308380127 1.7107080221176147
0.7133193872869015 0.05343240930233151 0.7344713658094406 -3.7419048994779587 -0.4702350404113531 1.7107077613472939
0.7138822600245476 0.053191104205325246 0.7342674434185028 -3.741931051015854 -0.47011492773890495 1.710707500576973
0.7144451327621937 0.052949799108318985 0.734063521027565 -3.741957202553749 -0.4699948150664568 1.710707239806652
0.7150080054998398 0.05270849401131272 0.7338595986366272 -3.7419833540916443 -0.46987470239400864 1.7107069790363312
0.7155708782374859 0.05246718891430646 0.7336556762456894 -3.7420095056295395 -0.4697545897215605 1.7107067182660103
0.716133750975132 0.0522258838173002 0.7334517538547516 -3.7420356571674347 -0.4696344770491123 1.7107064574956894
0.7167235016822815 0.05197669833432883 0.7332411874085665 -3.7420626804232597 -0.46951043605804443 1.7107061967253685
0.7173311710357666 0.051722259260714054 0.7330261915922165 -3.7420902848243713 -0.46938377618789673 1.7107059359550476
0.7179388403892517 0.05146782018709928 0.7328111957758665 -3.742117889225483 -0.469257116317749 1.7107056751847267
0.7185465097427368 0.0512133811134845 0.7325961999595165 -3.7421454936265945 -0.4691304564476013 1.7107054144144058
0.7191541790962219 0.050958942039869726 0.7323812041431665 -3.742173098027706 -0.4690037965774536 1.710705153644085
0.719761848449707 0.05070450296625495 0.7321662083268166 -3.7422007024288177 -0.4688771367073059 1.710704892873764
0.7203780692070723 0.050447821617126465 0.731949320062995 -3.7422285452485085 -0.4687493611127138 1.7107046246528625
0.721028495579958 0.050182171165943146 0.7317248620092869 -3.7422573417425156 -0.46861712262034416 1.7107043266296387
0.7216789219528437 0.04991652071475983 0.7315004039555788 -3.7422861382365227 -0.4684848841279745 1.7107040286064148
0.7223293483257294 0.04965087026357651 0.7312759459018707 -3.74231493473053 -0.46835264563560486 1.710703730583191
0.7229797746986151 0.04938521981239319 0.7310514878481627 -3.742343731224537 -0.4682204071432352 1.710703432559967
0.7236302010715008 0.04911956936120987 0.7308270297944546 -3.742372527718544 -0.46808816865086555 1.7107031345367432
0.7242806274443865 0.04885391891002655 0.7306025717407465 -3.742401324212551 -0.4679559301584959 1.7107028365135193
0.7249635010957718 0.048580928239971406 0.7303719148039818 -3.742430955171585 -0.46782002598047256 1.7107025384902954
0.725654486566782 0.0483061025151983 0.7301397081464529 -3.7424607947468758 -0.4676832053810358 1.7107022404670715
0.7263454720377922 0.04803127679042518 0.729907501488924 -3.7424906343221664 -0.46754638478159904 1.7107019424438477
0.7270364575088024 0.04775645106565207 0.7296752948313951 -3.742520473897457 -0.4674095641821623 1.7107016444206238
0.7277274429798126 0.047481625340878963 0.7294430881738663 -3.742550313472748 -0.4672727435827255 1.7107013463974
0.7284184284508228 0.047206799616105855 0.7292108815163374 -3.7425801530480385 -0.46713592298328876 1.710701048374176
0.7291247621178627 0.04692911868914962 0.7289762645959854 -3.742610290646553 -0.46699768118560314 1.7107007429003716
0.7298541180789471 0.04664715495891869 0.7287380322813988 -3.7426408752799034 -0.4668573075905442 1.7107004262506962
0.7305834740400314 0.04636519122868776 0.7284997999668121 -3.742671459913254 -0.4667169339954853 1.7107001096010208
0.7313128300011158 0.046083227498456836 0.7282615676522255 -3.742702044546604 -0.4665765604004264 1.7106997929513454
0.7320421859622002 0.04580126376822591 0.7280233353376389 -3.7427326291799545 -0.46643618680536747 1.71069947630167
0.7327715419232845 0.04551930003799498 0.7277851030230522 -3.742763213813305 -0.46629581321030855 1.7106991596519947
0.7335008978843689 0.04523733630776405 0.7275468707084656 -3.7427937984466553 -0.46615543961524963 1.7106988430023193
0.7342664729803801 0.044950240408070385 0.7273042984306812 -3.7428249046206474 -0.4660125095397234 1.710698526352644
0.7350320480763912 0.04466314450837672 0.7270617261528969 -3.7428560107946396 -0.46586957946419716 1.7106982097029686
0.7357976231724024 0.04437604860868305 0.7268191538751125 -3.7428871169686317 -0.4657266493886709 1.7106978930532932
0.7365631982684135 0.04408895270898938 0.7265765815973282 -3.742918223142624 -0.4655837193131447 1.7106975764036179
0.7373287733644247 0.043801856809295714 0.7263340093195438 -3.742949329316616 -0.46544078923761845 1.7106972597539425
0.7380943484604359 0.043514760909602046 0.7260914370417595 -3.742980435490608 -0.4652978591620922 1.7106969431042671
0.7388805039227009 0.04322572355158627 0.7258472219109535 -3.7430117651820183 -0.4651539567857981 1.7106966152787209
0.7396803796291351 0.04293539188802242 0.7256019115447998 -3.7430432438850403 -0.465009406208992 1.710696280002594
0.7404802553355694 0.042645060224458575 0.7253566011786461 -3.7430747225880623 -0.46486485563218594 1.7106959447264671
0.7412801310420036 0.04235472856089472 0.7251112908124924 -3.7431062012910843 -0.46472030505537987 1.7106956094503403
0.7420800067484379 0.04206439689733087 0.7248659804463387 -3.7431376799941063 -0.4645757544785738 1.7106952741742134
0.7428798824548721 0.041774065233767026 0.7246206700801849 -3.7431691586971283 -0.46443120390176773 1.7106949388980865
0.743686243891716 0.04148345929570496 0.7243751306086779 -3.7432006746530533 -0.4642865164205432 1.7106946110725403
0.7445185482501984 0.04119175625964999 0.7241286747157574 -3.74323233962059 -0.4641412813216448 1.7106943130493164
0.7453508526086807 0.04090005322359502 0.7238822188228369 -3.743264004588127 -0.46399604622274637 1.7106940150260925
0.7461831569671631 0.040608350187540054 0.7236357629299164 -3.743295669555664 -0.46385081112384796 1.7106937170028687
0.7470154613256454 0.040316647151485085 0.7233893070369959 -3.743327334523201 -0.46370557602494955 1.7106934189796448
0.7478477656841278 0.04002494411543012 0.7231428511440754 -3.743358999490738 -0.46356034092605114 1.710693120956421
0.7486800700426102 0.03973324107937515 0.7228963952511549 -3.743390664458275 -0.46341510582715273 1.710692822933197
0.749536819756031 0.03944193432107568 0.7226502522826195 -3.743422269821167 -0.46327005326747894 1.7106924951076508
0.7503996808081865 0.03915072663221508 0.7224041875451803 -3.743453860282898 -0.4631250463426113 1.710692159831524
0.751262541860342 0.03885951894335449 0.7221581228077412 -3.743485450744629 -0.4629800394177437 1.710691824555397
0.7521254029124975 0.03856831125449389 0.721912058070302 -3.74351704120636 -0.46283503249287605 1.7106914892792702
0.752988263964653 0.0382771035656333 0.7216659933328629 -3.743548631668091 -0.4626900255680084 1.7106911540031433
0.7538511250168085 0.0379858958767727 0.7214199285954237 -3.7435802221298218 -0.4625450186431408 1.7106908187270164
0.7547254636883736 0.03769563580863178 0.7211746647953987 -3.7436117082834244 -0.4624004792422056 1.7106904983520508
0.755617018789053 0.03740679717157036 0.720930602401495 -3.7436430379748344 -0.46225664112716913 1.710690200328827
0.7565085738897324 0.037117958534508944 0.7206865400075912 -3.7436743676662445 -0.46211280301213264 1.710689902305603
0.7574001289904118 0.036829119897447526 0.7204424776136875 -3.7437056973576546 -0.46196896489709616 1.7106896042823792
0.7582916840910912 0.03654028126038611 0.7201984152197838 -3.7437370270490646 -0.46182512678205967 1.7106893062591553
0.7591832391917706 0.03625144262332469 0.71995435282588 -3.7437683567404747 -0.4616812886670232 1.7106890082359314
0.76007479429245 0.035962603986263275 0.7197102904319763 -3.7437996864318848 -0.4615374505519867 1.7106887102127075
0.7609931528568268 0.03567803488112986 0.7194698229432106 -3.743830531835556 -0.4613957218825817 1.7106883749365807
0.7619115114212036 0.03539346577599645 0.7192293554544449 -3.7438613772392273 -0.4612539932131767 1.7106880396604538
0.7628298699855804 0.03510889667086303 0.7189888879656792 -3.7438922226428986 -0.46111226454377174 1.710687704384327
0.7637482285499573 0.03482432756572962 0.7187484204769135 -3.74392306804657 -0.46097053587436676 1.7106873691082
0.7646665871143341 0.034539758460596204 0.7185079529881477 -3.743953913450241 -0.4608288072049618 1.7106870338320732
0.7655849456787109 0.03425518935546279 0.718267485499382 -3.7439847588539124 -0.4606870785355568 1.7106866985559464
0.7665182631462812 0.03397432819474489 0.7180301528424025 -3.7440152019262314 -0.4605471882969141 1.7106863968074322
0.7674615532159805 0.03369593899697066 0.7177949100732803 -3.744045376777649 -0.4604085236787796 1.7106861174106598
0.7684048432856798 0.03341754979919643 0.7175596673041582 -3.7440755516290665 -0.4602698590606451 1.7106858380138874
0.7693481333553791 0.03313916060142219 0.7173244245350361 -3.744105726480484 -0.4601311944425106 1.710685558617115
0.7702914234250784 0.03286077140364796 0.717089181765914 -3.7441359013319016 -0.4599925298243761 1.7106852792203426
0.7712347134947777 0.03258238220587373 0.7168539389967918 -3.744166076183319 -0.4598538652062416 1.7106849998235703
0.7721826191991568 0.03230561048258096 0.716620059683919 -3.7441960722208023 -0.45971600245684385 1.7106847167015076
0.773148987442255 0.032035308657214046 0.716391634196043 -3.744225353002548 -0.4595813471823931 1.7106844186782837
0.7741153556853533 0.03176500683184713 0.7161632087081671 -3.744254633784294 -0.4594466919079423 1.7106841206550598
0.7750817239284515 0.03149470500648022 0.7159347832202911 -3.74428391456604 -0.4593120366334915 1.710683822631836
0.7760480921715498 0.031224403181113303 0.7157063577324152 -3.744313195347786 -0.45917738135904074 1.710683524608612
0.7770144604146481 0.03095410135574639 0.7154779322445393 -3.744342476129532 -0.45904272608458996 1.7106832265853882
0.7779808286577463 0.030683799530379474 0.7152495067566633 -3.7443717569112778 -0.4589080708101392 1.7106829285621643
0.7789641469717026 0.030421495670452714 0.7150278463959694 -3.744400233030319 -0.45877737924456596 1.7106826305389404
0.7799517028033733 0.030161191301885992 0.714807877317071 -3.7444285079836845 -0.45864767860621214 1.7106823325157166
0.7809392586350441 0.02990088693331927 0.7145879082381725 -3.74445678293705 -0.4585179779678583 1.7106820344924927
0.7819268144667149 0.02964058256475255 0.7143679391592741 -3.744485057890415 -0.4583882773295045 1.7106817364692688
0.7829143702983856 0.029380278196185827 0.7141479700803757 -3.7445133328437805 -0.45825857669115067 1.710681438446045
0.7839019261300564 0.029119973827619106 0.7139280010014772 -3.744541607797146 -0.45812887605279684 1.710681140422821
0.7848972380161285 0.028864434803836048 0.7137120589613914 -3.744569331407547 -0.45800154097378254 1.7106808498501778
0.7859041839838028 0.028616043797228485 0.7135021574795246 -3.744596228003502 -0.4578777542337775 1.7106805704534054
0.786911129951477 0.02836765279062092 0.7132922559976578 -3.744623124599457 -0.4577539674937725 1.710680291056633
0.7879180759191513 0.028119261784013357 0.7130823545157909 -3.7446500211954117 -0.4576301807537675 1.7106800116598606
0.7889250218868256 0.027870870777405795 0.7128724530339241 -3.7446769177913666 -0.4575063940137625 1.7106797322630882
0.7899319678544998 0.027622479770798233 0.7126625515520573 -3.7447038143873215 -0.45738260727375746 1.7106794528663158
0.7909389138221741 0.027374088764190674 0.7124526500701904 -3.7447307109832764 -0.45725882053375244 1.7106791734695435
0.7919633965939283 0.027139528188854456 0.7122544273734093 -3.744756154716015 -0.45714189298450947 1.710678931325674
0.7929878793656826 0.026904967613518238 0.7120562046766281 -3.7447815984487534 -0.4570249654352665 1.7106786891818047
0.7940123621374369 0.02667040703818202 0.711857981979847 -3.744807042181492 -0.4569080378860235 1.7106784470379353
0.7950368449091911 0.026435846462845802 0.7116597592830658 -3.7448324859142303 -0.45679111033678055 1.7106782048940659
0.7960613276809454 0.026201285887509584 0.7114615365862846 -3.744857929646969 -0.4566741827875376 1.7106779627501965
0.7970858104526997 0.025966725312173367 0.7112633138895035 -3.7448833733797073 -0.4565572552382946 1.710677720606327
0.798119742423296 0.02574161218944937 0.7110730763524771 -3.7449077665805817 -0.4564450131729245 1.7106774672865868
0.799159973859787 0.025522797368466854 0.7108881622552872 -3.74493145942688 -0.4563358947634697 1.7106772065162659
0.800200205296278 0.025303982547484335 0.7107032481580973 -3.744955152273178 -0.4562267763540149 1.710676945745945
0.801240436732769 0.025085167726501822 0.7105183340609074 -3.7449788451194763 -0.45611765794456005 1.710676684975624
0.80228066816926 0.024866352905519303 0.7103334199637175 -3.7450025379657745 -0.45600853953510523 1.7106764242053032
0.803320899605751 0.02464753808453679 0.7101485058665276 -3.7450262308120728 -0.4558994211256504 1.7106761634349823
0.8043639156967402 0.02443225792376325 0.709966579452157 -3.7450495436787605 -0.45579205732792616 1.7106759138405323
0.8054180704057217 0.02423111640382558 0.709796603769064 -3.7450713366270065 -0.4556917119771242 1.7106757089495659
0.8064722251147032 0.02402997488388792 0.7096266280859709 -3.7450931295752525 -0.45559136662632227 1.7106755040585995
0.8075263798236847 0.023828833363950253 0.7094566524028778 -3.7451149225234985 -0.4554910212755203 1.710675299167633
0.8085805345326662 0.02362769184401259 0.7092866767197847 -3.7451367154717445 -0.4553906759247184 1.7106750942766666
0.8096346892416477 0.023426550324074924 0.7091167010366917 -3.7451585084199905 -0.45529033057391644 1.7106748893857002
0.8106888439506292 0.023225408804137263 0.7089467253535986 -3.7451803013682365 -0.4551899852231145 1.7106746844947338
0.8117527067661285 0.023039979627355933 0.7087900340557098 -3.7452003061771393 -0.4550974369049072 1.7106744796037674
0.8128189966082573 0.022858478536363695 0.7086366638541222 -3.745219863951206 -0.45500683784484863 1.710674274712801
0.813885286450386 0.02267697744537145 0.7084832936525345 -3.745239421725273 -0.45491623878479004 1.7106740698218346
0.8149515762925148 0.02249547635437921 0.7083299234509468 -3.74525897949934 -0.45482563972473145 1.7106738649308681
0.8160178661346436 0.022313975263386965 0.7081765532493591 -3.745278537273407 -0.45473504066467285 1.7106736600399017
0.8170841559767723 0.022132474172394726 0.7080231830477715 -3.745298095047474 -0.45464444160461426 1.7106734551489353
0.8181545808911324 0.02195962006226182 0.7078771181404591 -3.745316743850708 -0.45455813221633434 1.71067326515913
0.8192312084138393 0.02179973642341793 0.7077420111745596 -3.745334029197693 -0.45447825733572245 1.7106730975210667
0.8203078359365463 0.021639852784574032 0.7076069042086601 -3.7453513145446777 -0.45439838245511055 1.7106729298830032
0.8213844634592533 0.02147996914573014 0.7074717972427607 -3.7453685998916626 -0.45431850757449865 1.7106727622449398
0.8224610909819603 0.021320085506886244 0.7073366902768612 -3.7453858852386475 -0.45423863269388676 1.7106725946068764
0.8235377185046673 0.021160201868042353 0.7072015833109617 -3.7454031705856323 -0.45415875781327486 1.710672426968813
0.8246143460273743 0.021000318229198456 0.7070664763450623 -3.745420455932617 -0.45407888293266296 1.7106722593307495
0.825699532404542 0.02086402848362923 0.706951318308711 -3.745435133576393 -0.45401071943342686 1.710672091692686
0.8267847187817097 0.020727738738059998 0.7068361602723598 -3.745449811220169 -0.45394255593419075 1.7106719240546227
0.8278699051588774 0.020591448992490772 0.7067210022360086 -3.745464488863945 -0.45387439243495464 1.7106717564165592
0.8289550915360451 0.02045515924692154 0.7066058441996574 -3.745479166507721 -0.45380622893571854 1.7106715887784958
0.8300402779132128 0.020318869501352314 0.7064906861633062 -3.745493844151497 -0.45373806543648243 1.7106714211404324
0.8311254642903805 0.02018257975578308 0.706375528126955 -3.745508521795273 -0.4536699019372463 1.710671253502369
0.8322147130966187 0.02006162627367303 0.706273328512907 -3.7455215230584145 -0.4536093547940254 1.7106711193919182
0.8333066701889038 0.01995089696720243 0.7061797678470612 -3.7455334067344666 -0.4535538852214813 1.7106710076332092
0.834398627281189 0.019840167660731822 0.7060862071812153 -3.7455452904105186 -0.4534984156489372 1.7106708958745003
0.8354905843734741 0.019729438354261223 0.7059926465153694 -3.7455571740865707 -0.4534429460763931 1.7106707841157913
0.8365825414657593 0.019618709047790617 0.7058990858495235 -3.745569057762623 -0.45338747650384903 1.7106706723570824
0.8376744985580444 0.019507979741320014 0.7058055251836777 -3.745580941438675 -0.45333200693130493 1.7106705605983734
0.8387674503028393 0.019402747042477127 0.7057166118174791 -3.7455922290682793 -0.4532792689278722 1.7106704525649548
0.8398643806576729 0.019319500774145126 0.7056462876498699 -3.7456011325120926 -0.4532374572008848 1.7106703594326973
0.8409613110125065 0.01923625450581312 0.7055759634822607 -3.745610035955906 -0.45319564547389746 1.7106702663004398
0.8420582413673401 0.019153008237481117 0.7055056393146515 -3.7456189393997192 -0.4531538337469101 1.7106701731681824
0.8431551717221737 0.01906976196914911 0.7054353151470423 -3.7456278428435326 -0.45311202201992273 1.710670080035925
0.8442521020770073 0.018986515700817108 0.7053649909794331 -3.745636746287346 -0.45307021029293537 1.7106699869036674
0.8453490324318409 0.0189032694324851 0.7052946668118238 -3.745645649731159 -0.453028398565948 1.71066989377141
0.8464484959840775 0.018843538826331496 0.7052442207932472 -3.745651990175247 -0.4529982805252075 1.710669845342636
0.8475485928356647 0.018789687135722488 0.7051987443119287 -3.745657689869404 -0.45297108590602875 1.7106698080897331
0.848648689687252 0.01873583544511348 0.7051532678306103 -3.7456633895635605 -0.45294389128685 1.7106697708368301
0.8497487865388393 0.018681983754504472 0.7051077913492918 -3.745669089257717 -0.4529166966676712 1.7106697335839272
0.8508488833904266 0.018628132063895464 0.7050623148679733 -3.745674788951874 -0.45288950204849243 1.7106696963310242
0.8519489802420139 0.018574280373286456 0.7050168383866549 -3.7456804886460304 -0.45286230742931366 1.7106696590781212
0.8530496284365654 0.018532950896769762 0.7049819342792034 -3.745684802532196 -0.45284134708344936 1.7106696292757988
0.8541511036455631 0.01851040474139154 0.7049628887325525 -3.745687037706375 -0.4528297381475568 1.7106696106493473
0.8552525788545609 0.018487858586013317 0.7049438431859016 -3.745689272880554 -0.4528181292116642 1.7106695920228958
0.8563540540635586 0.018465312430635095 0.7049247976392508 -3.7456915080547333 -0.4528065202757716 1.7106695733964443
0.8574555292725563 0.018442766275256872 0.7049057520925999 -3.7456937432289124 -0.45279491133987904 1.7106695547699928
0.858557004481554 0.01842022011987865 0.704886706545949 -3.7456959784030914 -0.45278330240398645 1.7106695361435413
0.8596584796905518 0.018397673964500427 0.7048676609992981 -3.7456982135772705 -0.45277169346809387 1.7106695175170898
0.8607595358043909 0.018407781433779746 0.7048762198537588 -3.745697021484375 -0.4527763547375798 1.7106695361435413
0.8618605919182301 0.018417888903059065 0.7048847787082195 -3.7456958293914795 -0.4527810160070658 1.7106695547699928
0.8629616480320692 0.018427996372338384 0.7048933375626802 -3.745694637298584 -0.4527856772765517 1.7106695733964443
0.8640627041459084 0.018438103841617703 0.704901896417141 -3.7456934452056885 -0.4527903385460377 1.7106695920228958
0.8651637602597475 0.018448211310897022 0.7049104552716017 -3.745692253112793 -0.4527949998155236 1.7106696106493473
0.8662648163735867 0.01845831878017634 0.7049190141260624 -3.7456910610198975 -0.4527996610850096 1.7106696292757988
0.8673645537346601 0.018487473076675087 0.704943660646677 -3.745687745511532 -0.4528138190507889 1.710669670253992
0.8684634119272232 0.018529325257986784 0.7049790322780609 -3.745683014392853 -0.4528343081474304 1.7106697261333466
0.8695622701197863 0.01857117743929848 0.7050144039094448 -3.7456782832741737 -0.45285479724407196 1.710669782012701
0.8706611283123493 0.018613029620610178 0.7050497755408287 -3.7456735521554947 -0.4528752863407135 1.7106698378920555
0.8717599865049124 0.018654881801921874 0.7050851471722126 -3.7456688210368156 -0.45289577543735504 1.71066989377141
0.8728588446974754 0.01869673398323357 0.7051205188035965 -3.7456640899181366 -0.4529162645339966 1.7106699496507645
0.8739569112658501 0.018744640925433487 0.7051610071212053 -3.745658718049526 -0.45293977577239275 1.7106700167059898
0.875051811337471 0.018816766911186278 0.7052219621837139 -3.7456507831811905 -0.4529753755778074 1.7106701284646988
0.876146711409092 0.01888889289693907 0.7052829172462225 -3.7456428483128548 -0.4530109753832221 1.7106702402234077
0.8772416114807129 0.01896101888269186 0.7053438723087311 -3.745634913444519 -0.4530465751886368 1.7106703519821167
0.8783365115523338 0.01903314486844465 0.7054048273712397 -3.7456269785761833 -0.45308217499405146 1.7106704637408257
0.8794314116239548 0.019105270854197443 0.7054657824337482 -3.7456190437078476 -0.45311777479946613 1.7106705754995346
0.8805263116955757 0.019177396839950234 0.7055267374962568 -3.745611108839512 -0.4531533746048808 1.7106706872582436
0.8816166147589684 0.019272563513368368 0.7056071534752846 -3.7456006705760956 -0.45320048928260803 1.7106707841157913
0.8827057685703039 0.01937349035870284 0.7056924346834421 -3.745589606463909 -0.4532504826784134 1.7106708772480488
0.8837949223816395 0.019474417204037312 0.7057777158915997 -3.7455785423517227 -0.45330047607421875 1.7106709703803062
0.884884076192975 0.01957534404937178 0.7058629970997572 -3.7455674782395363 -0.4533504694700241 1.7106710635125637
0.8859732300043106 0.019676270894706253 0.7059482783079147 -3.74555641412735 -0.45340046286582947 1.7106711566448212
0.8870623838156462 0.019777197740040723 0.7060335595160723 -3.7455453500151634 -0.4534504562616348 1.7106712497770786
0.8881485350430012 0.019889010582119226 0.7061280384659767 -3.7455331087112427 -0.45350589603185654 1.7106713727116585
0.8892301823943853 0.020017152419313792 0.7062363140285015 -3.7455191016197205 -0.4535695053637028 1.710671540349722
0.8903118297457695 0.02014529425650835 0.7063445895910263 -3.7455050945281982 -0.453633114695549 1.7106717079877853
0.8913934770971537 0.020273436093702916 0.7064528651535511 -3.745491087436676 -0.45369672402739525 1.7106718756258488
0.8924751244485378 0.020401577930897474 0.7065611407160759 -3.745477080345154 -0.4537603333592415 1.7106720432639122
0.893556771799922 0.02052971976809204 0.7066694162786007 -3.7454630732536316 -0.4538239426910877 1.7106722109019756
0.8946384191513062 0.020657861605286598 0.7067776918411255 -3.7454490661621094 -0.45388755202293396 1.710672378540039
0.8957108370959759 0.020811177964787934 0.706907220184803 -3.7454324141144753 -0.45396375749260187 1.7106725461781025
0.8967832550406456 0.020964494324289262 0.7070367485284805 -3.745415762066841 -0.4540399629622698 1.710672713816166
0.8978556729853153 0.021117810683790598 0.707166276872158 -3.745399110019207 -0.4541161684319377 1.7106728814542294
0.898928090929985 0.021271127043291926 0.7072958052158356 -3.745382457971573 -0.4541923739016056 1.7106730490922928
0.9000005088746548 0.021424443402793262 0.7074253335595131 -3.7453658059239388 -0.4542685793712735 1.7106732167303562
0.9010729268193245 0.02157775976229459 0.7075548619031906 -3.7453491538763046 -0.45434478484094143 1.7106733843684196
0.9021387789398432 0.021744887926615778 0.7076960634440184 -3.7453310042619705 -0.4544278969988227 1.7106735743582249
0.9032002538442612 0.02192122396081686 0.7078450471162796 -3.7453118562698364 -0.45451561361551285 1.7106737792491913
0.9042617287486792 0.02209755999501795 0.7079940307885408 -3.7452927082777023 -0.454603330232203 1.7106739841401577
0.9053232036530972 0.02227389602921903 0.7081430144608021 -3.7452735602855682 -0.45469104684889317 1.7106741890311241
0.9063846785575151 0.02245023206342012 0.7082919981330633 -3.745254412293434 -0.4547787634655833 1.7106743939220905
0.9074461534619331 0.022626568097621202 0.7084409818053246 -3.7452352643013 -0.4548664800822735 1.710674598813057
0.9085050914436579 0.0228070771554485 0.7085934896022081 -3.74521566927433 -0.45495628472417593 1.7106748074293137
0.9095538817346096 0.023004278307780623 0.7087600938975811 -3.745194286108017 -0.45505444146692753 1.7106750309467316
0.9106026720255613 0.023201479460112754 0.7089266981929541 -3.745172902941704 -0.4551525982096791 1.7106752544641495
0.9116514623165131 0.023398680612444878 0.709093302488327 -3.7451515197753906 -0.4552507549524307 1.7106754779815674
0.9127002526074648 0.023595881764777008 0.7092599067837 -3.7451301366090775 -0.4553489116951823 1.7106757014989853
0.9137490428984165 0.023793082917109132 0.709426511079073 -3.7451087534427643 -0.4554470684379339 1.7106759250164032
0.9147978331893682 0.023990284069441262 0.7095931153744459 -3.745087370276451 -0.4555452251806855 1.710676148533821
0.9158351048827171 0.024202478816732764 0.7097723856568336 -3.7450644075870514 -0.4556508772075176 1.7106764018535614
0.9168694969266653 0.02441842196276411 0.7099548224359751 -3.74504105001688 -0.45575840305536985 1.7106766626238823
0.9179038889706135 0.024634365108795464 0.7101372592151165 -3.7450176924467087 -0.4558659289032221 1.7106769233942032
0.9189382810145617 0.02485030825482681 0.7103196959942579 -3.7449943348765373 -0.4559734547510743 1.710677184164524
0.9199726730585098 0.025066251400858164 0.7105021327733994 -3.744970977306366 -0.45608098059892654 1.710677444934845
0.921007065102458 0.02528219454688951 0.7106845695525408 -3.7449476197361946 -0.4561885064467788 1.7106777057051659
0.9220349937677383 0.025504833785817027 0.7108726650476456 -3.7449235171079636 -0.4562993850558996 1.7106779590249062
0.9230532273650169 0.025737517164088782 0.7110692486166954 -3.744898296892643 -0.4564152928069234 1.7106782011687756
0.9240714609622955 0.025970200542360544 0.7112658321857452 -3.7448730766773224 -0.45653120055794716 1.710678443312645
0.9250896945595741 0.026202883920632296 0.7114624157547951 -3.744847856462002 -0.45664710830897093 1.7106786854565144
0.9261079281568527 0.02643556729890406 0.7116589993238449 -3.744822636246681 -0.4567630160599947 1.7106789276003838
0.9271261617541313 0.026668250677175813 0.7118555828928947 -3.7447974160313606 -0.45687892381101847 1.7106791697442532
0.9281443953514099 0.02690093405544758 0.7120521664619446 -3.74477219581604 -0.45699483156204224 1.7106794118881226
0.9291447009891272 0.027148389082867645 0.7122612204402685 -3.744745410978794 -0.4571181247010827 1.7106796726584435
0.9301450066268444 0.027395844110287726 0.7124702744185925 -3.744718626141548 -0.4572414178401232 1.7106799334287643
0.9311453122645617 0.027643299137707793 0.7126793283969164 -3.744691841304302 -0.45736471097916365 1.7106801941990852
0.9321456179022789 0.027890754165127873 0.7128883823752403 -3.7446650564670563 -0.4574880041182041 1.7106804549694061
0.9331459235399961 0.02813820919254794 0.7130974363535643 -3.7446382716298103 -0.4576112972572446 1.710680715739727
0.9341462291777134 0.02838566421996802 0.7133064903318882 -3.7446114867925644 -0.45773459039628506 1.710680976510048
0.9351347163319588 0.02864079969003796 0.7135220374912024 -3.744583874940872 -0.4578617252409458 1.7106812484562397
0.9361153244972229 0.028901055455207825 0.7137419134378433 -3.744555711746216 -0.45799142122268677 1.710681527853012
0.937095932662487 0.029161311220377677 0.7139617893844843 -3.7445275485515594 -0.4581211172044277 1.7106818072497845
0.9380765408277512 0.029421566985547543 0.7141816653311253 -3.744499385356903 -0.45825081318616867 1.7106820866465569
0.9390571489930153 0.029681822750717395 0.7144015412777662 -3.7444712221622467 -0.4583805091679096 1.7106823660433292
0.9400377571582794 0.02994207851588726 0.7146214172244072 -3.7444430589675903 -0.4585102051496506 1.7106826454401016
0.9410140719264746 0.03020449995528906 0.7148431241512299 -3.7444146648049355 -0.4586409851908684 1.7106829322874546
0.9419732131063938 0.030475584091618647 0.7150721549987793 -3.7443853467702866 -0.4587761014699936 1.71068324893713
0.9429323542863131 0.030746668227948245 0.7153011858463287 -3.7443560287356377 -0.4589112177491188 1.7106835655868053
0.9438914954662323 0.031017752364277833 0.7155302166938782 -3.7443267107009888 -0.459046334028244 1.7106838822364807
0.9448506366461515 0.03128883650060743 0.7157592475414276 -3.74429739266634 -0.45918145030736923 1.710684198886156
0.9458097778260708 0.03155992063693702 0.715988278388977 -3.744268074631691 -0.45931656658649445 1.7106845155358315
0.94676891900599 0.03183100477326662 0.7162173092365265 -3.744238756597042 -0.45945168286561966 1.7106848321855068
0.947709433734417 0.0321091627702117 0.7164523154497147 -3.744208663702011 -0.4595903344452381 1.7106851190328598
0.9486452918499708 0.03238908923231066 0.7166888155043125 -3.7441783770918846 -0.4597298698499799 1.7106853984296322
0.9495811499655247 0.03266901569440961 0.7169253155589104 -3.744148090481758 -0.45986940525472164 1.7106856778264046
0.9505170080810785 0.03294894215650857 0.7171618156135082 -3.7441178038716316 -0.4600089406594634 1.710685957223177
0.9514528661966324 0.03322886861860752 0.7173983156681061 -3.744087517261505 -0.46014847606420517 1.7106862366199493
0.9523887243121862 0.033508795080706484 0.7176348157227039 -3.7440572306513786 -0.46028801146894693 1.7106865160167217
0.9533145427703857 0.03379146242514253 0.717873640358448 -3.7440266609191895 -0.46042892150580883 1.7106868103146553
0.9542253017425537 0.03407824109308422 0.7181159518659115 -3.7439956665039062 -0.4605718934908509 1.7106871269643307
0.9551360607147217 0.034365019761025906 0.7183582633733749 -3.743964672088623 -0.460714865475893 1.710687443614006
0.9560468196868896 0.0346517984289676 0.7186005748808384 -3.74393367767334 -0.4608578374609351 1.7106877602636814
0.9569575786590576 0.034938577096909285 0.7188428863883018 -3.7439026832580566 -0.4610008094459772 1.7106880769133568
0.9578683376312256 0.03522535576485098 0.7190851978957653 -3.7438716888427734 -0.4611437814310193 1.7106883935630322
0.9587790966033936 0.035512134432792664 0.7193275094032288 -3.7438406944274902 -0.4612867534160614 1.7106887102127075
0.9596629496663809 0.03580377693288029 0.719573937356472 -3.7438091412186623 -0.461432165466249 1.7106890454888344
0.9605468027293682 0.0360954194329679 0.7198203653097153 -3.7437775880098343 -0.4615775775164366 1.7106893807649612
0.9614306557923555 0.03638706193305553 0.7200667932629585 -3.7437460348010063 -0.46172298956662416 1.710689716041088
0.9623145088553429 0.03667870443314314 0.7203132212162018 -3.7437144815921783 -0.46186840161681175 1.710690051317215
0.9631983619183302 0.036970346933230765 0.720559649169445 -3.7436829283833504 -0.46201381366699934 1.7106903865933418
0.9640822149813175 0.03726198943331838 0.7208060771226883 -3.7436513751745224 -0.46215922571718693 1.7106907218694687
0.9649488180875778 0.037555361748673015 0.7210539747029543 -3.74361964315176 -0.4623055122792721 1.7106910459697247
0.9658039212226868 0.037849887274205685 0.7213028520345688 -3.7435877919197083 -0.46245238184928894 1.7106913626194
0.9666590243577957 0.03814441279973834 0.7215517293661833 -3.7435559406876564 -0.4625992514193058 1.7106916792690754
0.9675141274929047 0.03843893832527101 0.7218006066977978 -3.7435240894556046 -0.46274612098932266 1.7106919959187508
0.9683692306280136 0.038733463850803666 0.7220494840294123 -3.7434922382235527 -0.4628929905593395 1.7106923125684261
0.9692243337631226 0.039027989376336336 0.7222983613610268 -3.743460386991501 -0.4630398601293564 1.7106926292181015
0.970073327422142 0.03932270209770649 0.7225473988801241 -3.743428520858288 -0.46318682562559843 1.7106929458677769
0.9708978831768036 0.03961816360242665 0.7227970771491528 -3.74339659512043 -0.4633341748267412 1.7106932625174522
0.9717224389314651 0.03991362510714679 0.7230467554181814 -3.743364669382572 -0.463481524027884 1.7106935791671276
0.9725469946861267 0.04020908661186695 0.7232964336872101 -3.7433327436447144 -0.4636288732290268 1.710693895816803
0.9733715504407883 0.040504548116587095 0.7235461119562387 -3.7433008179068565 -0.4637762224301696 1.7106942124664783
0.9741961061954498 0.040800009621307254 0.7237957902252674 -3.7432688921689987 -0.46392357163131237 1.7106945291161537
0.9750206619501114 0.0410954711260274 0.7240454684942961 -3.743236966431141 -0.46407092083245516 1.710694845765829
0.9758193120360374 0.04139013169333339 0.724294476211071 -3.743205100297928 -0.4642178751528263 1.7106951624155045
0.9766114857047796 0.04168459202628582 0.7245433162897825 -3.743173249065876 -0.46436473075300455 1.7106954790651798
0.9774036593735218 0.04197905235923827 0.724792156368494 -3.743141397833824 -0.4645115863531828 1.7106957957148552
0.978195833042264 0.0422735126921907 0.7250409964472055 -3.7431095466017723 -0.46465844195336103 1.7106961123645306
0.9789880067110062 0.042567973025143147 0.725289836525917 -3.7430776953697205 -0.4648052975535393 1.710696429014206
0.9797801803797483 0.04286243335809558 0.7255386766046286 -3.7430458441376686 -0.4649521531537175 1.7106967456638813
0.980558667331934 0.04315571743063629 0.7257865183055401 -3.7430141270160675 -0.46509842574596405 1.710697054862976
0.9813166242092848 0.04344723711255937 0.7260328624397516 -3.7429826110601425 -0.465243823826313 1.7106973528862
0.9820745810866356 0.043738756794482476 0.7262792065739632 -3.7429510951042175 -0.465389221906662 1.7106976509094238
0.9828325379639864 0.04403027647640556 0.7265255507081747 -3.7429195791482925 -0.46553461998701096 1.7106979489326477
0.9835904948413372 0.04432179615832866 0.7267718948423862 -3.7428880631923676 -0.4656800180673599 1.7106982469558716
0.984348451718688 0.04461331584025175 0.7270182389765978 -3.7428565472364426 -0.4658254161477089 1.7106985449790955
0.9851064085960388 0.044904835522174835 0.7272645831108093 -3.7428250312805176 -0.46597081422805786 1.7106988430023193
0.9858283046633005 0.04519144771620632 0.7275067921727896 -3.7427939996123314 -0.46611377224326134 1.7106991596519947
0.9865502007305622 0.04547805991023779 0.7277490012347698 -3.742762967944145 -0.4662567302584648 1.71069947630167
0.9872720967978239 0.04576467210426927 0.7279912102967501 -3.742731936275959 -0.4663996882736683 1.7106997929513454
0.9879939928650856 0.04605128429830074 0.7282334193587303 -3.742700904607773 -0.46654264628887177 1.7107001096010208
0.9887158889323473 0.04633789649233223 0.7284756284207106 -3.7426698729395866 -0.46668560430407524 1.7107004262506962
0.989437784999609 0.0466245086863637 0.7287178374826908 -3.7426388412714005 -0.4668285623192787 1.7107007429003716
0.9901367761194706 0.04690692748408765 0.7289565037935972 -3.7426083013415337 -0.4669694360345602 1.710701059550047
0.9908204972743988 0.04718655068427324 0.7291928082704544 -3.742578089237213 -0.46710892021656036 1.7107013761997223
0.991504218429327 0.04746617388445885 0.7294291127473116 -3.7425478771328926 -0.4672484043985605 1.7107016928493977
0.9921879395842552 0.04774579708464444 0.7296654172241688 -3.742517665028572 -0.4673878885805607 1.710702009499073
0.9928716607391834 0.04802542028483004 0.729901721701026 -3.7424874529242516 -0.46752737276256084 1.7107023261487484
0.9935553818941116 0.04830504348501563 0.7301380261778831 -3.742457240819931 -0.467666856944561 1.7107026427984238
0.9942310433834791 0.048582846182398505 0.7303727921098471 -3.742427222430706 -0.4678054330870509 1.7107029482722282
0.9948744662106037 0.04885336686857045 0.7306014038622379 -3.742397978901863 -0.4679403770714998 1.7107032090425491
0.9955178890377283 0.0491238875547424 0.7308300156146288 -3.74236873537302 -0.46807532105594873 1.71070346981287
0.9961613118648529 0.049394408240914345 0.7310586273670197 -3.7423394918441772 -0.46821026504039764 1.710703730583191
0.9968047346919775 0.04966492892708629 0.7312872391194105 -3.7423102483153343 -0.46834520902484655 1.7107039913535118
0.9974481575191021 0.049935449613258256 0.7315158508718014 -3.7422810047864914 -0.46848015300929546 1.7107042521238327
0.9980915803462267 0.0502059702994302 0.7317444626241922 -3.7422517612576485 -0.4686150969937444 1.7107045128941536
0.9987010434269905 0.05046752141788602 0.731965497136116 -3.7422235012054443 -0.46874557062983513 1.7107047885656357
0.9993020165711641 0.05072683014441281 0.732184637337923 -3.7421954870224 -0.46887492667883635 1.710705067962408
0.9999029897153378 0.050986138870939626 0.7324037775397301 -3.7421674728393555 -0.46900428272783756 1.7107053473591805
1.0005039628595114 0.051245447597466416 0.7326229177415371 -3.742139458656311 -0.4691336387768388 1.7107056267559528
1.001104936003685 0.051504756323993206 0.7328420579433441 -3.7421114444732666 -0.46926299482584 1.7107059061527252
1.0017059091478586 0.051764065050519996 0.7330611981451511 -3.742083430290222 -0.4693923508748412 1.7107061855494976
1.0022891163825989 0.05201808968558906 0.7332758754491806 -3.742055967450142 -0.4695190768688917 1.7107064574956894
1.002845674753189 0.05226418818347157 0.7334838584065437 -3.742029331624508 -0.46964185778051615 1.7107067182660103
1.0034022331237793 0.052510286681354046 0.7336918413639069 -3.742002695798874 -0.4697646386921406 1.7107069790363312
1.0039587914943695 0.052756385179236524 0.73389982432127 -3.74197605997324 -0.469887419603765 1.710707239806652
1.0045153498649597 0.053002483677119 0.7341078072786331 -3.741949424147606 -0.47001020051538944 1.710707500576973
1.00507190823555 0.05324858217500151 0.7343157902359962 -3.741922788321972 -0.4701329814270139 1.7107077613472939
1.0056284666061401 0.05349468067288399 0.7345237731933594 -3.741896152496338 -0.4702557623386383 1.7107080221176147
1.0061393156647682 0.053726035752333694 0.7347192857414484 -3.7418710812926292 -0.4703711858019233 1.7107082828879356
1.0066501647233963 0.05395739083178341 0.7349147982895374 -3.7418460100889206 -0.47048660926520824 1.7107085436582565
1.0071610137820244 0.054188745911233134 0.7351103108376265 -3.741820938885212 -0.4706020327284932 1.7107088044285774
1.0076718628406525 0.05442010099068284 0.7353058233857155 -3.7417958676815033 -0.4707174561917782 1.7107090651988983
1.0081827118992805 0.05465145607013255 0.7355013359338045 -3.7417707964777946 -0.47083287965506315 1.7107093259692192
1.0086935609579086 0.05488281114958226 0.7356968484818935 -3.741745725274086 -0.4709483031183481 1.71070958673954
1.0091763138771057 0.05510446871630848 0.7358841802924871 -3.741721749305725 -0.4710588902235031 1.71070983633399
1.0096403360366821 0.055319661274552345 0.7360660582780838 -3.7416985034942627 -0.4711662530899048 1.7107100784778595
1.0101043581962585 0.05553485383279621 0.7362479362636805 -3.7416752576828003 -0.47127361595630646 1.710710320621729
1.010568380355835 0.05575004639104008 0.7364298142492771 -3.741652011871338 -0.47138097882270813 1.7107105627655983
1.0110324025154114 0.055965238949283964 0.7366116922348738 -3.7416287660598755 -0.4714883416891098 1.7107108049094677
1.0114964246749878 0.05618043150752783 0.7367935702204704 -3.741605520248413 -0.4715957045555115 1.710711047053337
1.0119508542120457 0.05639210774097591 0.7369724754244089 -3.7415826469659805 -0.47170131281018257 1.710711281746626
1.0123669132590294 0.05658971867524087 0.7371394895017147 -3.7415612637996674 -0.47179990261793137 1.7107114866375923
1.012782972306013 0.05678732960950584 0.7373065035790205 -3.741539880633354 -0.47189849242568016 1.7107116915285587
1.0131990313529968 0.05698494054377079 0.7374735176563263 -3.741518497467041 -0.47199708223342896 1.7107118964195251
1.0136150903999805 0.05718255147803574 0.7376405317336321 -3.741497114300728 -0.47209567204117775 1.7107121013104916
1.0140311494469643 0.0573801624123007 0.7378075458109379 -3.7414757311344147 -0.47219426184892654 1.710712306201458
1.014447208493948 0.05757777334656567 0.7379745598882437 -3.7414543479681015 -0.47229285165667534 1.7107125110924244
1.0148233324289322 0.05775975435972214 0.7381283640861511 -3.741434693336487 -0.47238364815711975 1.7107127010822296
1.0151894725859165 0.05793782789260148 0.738278865814209 -3.7414154708385468 -0.47247249633073807 1.7107128873467445
1.0155556127429008 0.058115901425480836 0.7384293675422668 -3.7413962483406067 -0.4725613445043564 1.7107130736112595
1.0159217528998852 0.05829397495836018 0.7385798692703247 -3.7413770258426666 -0.4726501926779747 1.7107132598757744
1.0162878930568695 0.05847204849123955 0.7387303709983826 -3.7413578033447266 -0.472739040851593 1.7107134461402893
1.0166540332138538 0.05865012202411889 0.7388808727264404 -3.7413385808467865 -0.47282788902521133 1.7107136324048042
1.0169981122016907 0.058818736579269164 0.7390233762562275 -3.7413203418254852 -0.4729120172560215 1.710713803768158
1.0173090994358063 0.05897316266782581 0.7391538824886084 -3.741303578019142 -0.47298906557261944 1.71071395277977
1.0176200866699219 0.059127588756382465 0.7392843887209892 -3.741286814212799 -0.4730661138892174 1.7107141017913818
1.0179310739040375 0.05928201484493911 0.7394148949533701 -3.741270050406456 -0.4731431622058153 1.7107142508029938
1.018242061138153 0.05943644093349575 0.739545401185751 -3.741253286600113 -0.47322021052241325 1.7107143998146057
1.0185530483722687 0.0595908670220524 0.7396759074181318 -3.74123652279377 -0.4732972588390112 1.7107145488262177
1.0188640356063843 0.059745293110609055 0.7398064136505127 -3.7412197589874268 -0.47337430715560913 1.7107146978378296
1.0191137976944447 0.05987142620142549 0.7399130128324032 -3.7412061244249344 -0.4734372366219759 1.7107148468494415
1.019363559782505 0.059997559292241924 0.7400196120142937 -3.741192489862442 -0.47350016608834267 1.7107149958610535
1.0196133218705654 0.06012369238305836 0.7401262111961842 -3.7411788552999496 -0.47356309555470943 1.7107151448726654
1.0198630839586258 0.06024982547387481 0.7402328103780746 -3.7411652207374573 -0.4736260250210762 1.7107152938842773
1.0201128460466862 0.060375958564691246 0.7403394095599651 -3.741151586174965 -0.47368895448744297 1.7107154428958893
1.0203626081347466 0.06050209165550768 0.7404460087418556 -3.7411379516124725 -0.47375188395380974 1.7107155919075012
1.0205719694495201 0.060608460218645625 0.740535905584693 -3.741126462817192 -0.47380495350807905 1.7107157073915005
1.0207543969154358 0.06070165242999792 0.7406146675348282 -3.7411164045333862 -0.47385144978761673 1.710715800523758
1.0209368243813515 0.06079484464135021 0.7406934294849634 -3.7411063462495804 -0.4738979460671544 1.7107158936560154
1.0211192518472672 0.06088803685270249 0.7407721914350986 -3.7410962879657745 -0.4739444423466921 1.7107159867882729
1.0213016793131828 0.06098122906405478 0.7408509533852339 -3.7410862296819687 -0.47399093862622976 1.7107160799205303
1.0214841067790985 0.061074421275407076 0.7409297153353691 -3.741076171398163 -0.47403743490576744 1.7107161730527878
1.021652676165104 0.06116056442260742 0.7410025205463171 -3.741066873073578 -0.47408041451126337 1.7107162587344646
1.0217658132314682 0.0612185113132 0.7410514988005161 -3.7410606145858765 -0.4741093274205923 1.7107163146138191
1.0218789502978325 0.06127645820379257 0.7411004770547152 -3.741054356098175 -0.47413824032992125 1.7107163704931736
1.0219920873641968 0.06133440509438515 0.7411494553089142 -3.7410480976104736 -0.4741671532392502 1.710716426372528
1.022105224430561 0.06139235198497772 0.7411984335631132 -3.741041839122772 -0.4741960661485791 1.7107164822518826
1.0222183614969254 0.0614502988755703 0.7412474118173122 -3.741035580635071 -0.47422497905790806 1.710716538131237
1.0223314985632896 0.06150824576616287 0.7412963900715113 -3.7410293221473694 -0.474253891967237 1.7107165940105915
1.0224006175994873 0.06154363974928856 0.7413262948393822 -3.741025447845459 -0.4742715507745743 1.7107166200876236
1.0224587321281433 0.061573395505547523 0.741351431235671 -3.7410221695899963 -0.47428639605641365 1.710716638714075
1.0225168466567993 0.06160315126180649 0.7413765676319599 -3.7410188913345337 -0.474301241338253 1.7107166573405266
1.0225749611854553 0.06163290701806545 0.7414017040282488 -3.741015613079071 -0.4743160866200924 1.710716675966978
1.0226330757141113 0.06166266277432442 0.7414268404245377 -3.7410123348236084 -0.47433093190193176 1.7107166945934296
1.0226911902427673 0.06169241853058338 0.7414519768208265 -3.7410090565681458 -0.47434577718377113 1.710716713219881
1.0227346122264862 0.06171465711668134 0.7414707653224468 -3.741006627678871 -0.4743568729609251 1.7107167392969131
1.0227559953927994 0.06172561994753778 0.7414800319820642 -3.7410054728388786 -0.47436234448105097 1.7107167765498161
1.0227773785591125 0.06173658277839422 0.7414892986416817 -3.741004317998886 -0.47436781600117683 1.7107168138027191
1.0227987617254257 0.061747545609250665 0.7414985653012991 -3.7410031631588936 -0.4743732875213027 1.710716851055622
1.022820144891739 0.06175850844010711 0.7415078319609165 -3.741002008318901 -0.47437875904142857 1.710716888308525
1.022841528058052 0.06176947127096355 0.7415170986205339 -3.7410008534789085 -0.47438423056155443 1.710716925561428
1.0228629112243652 0.06178043410181999 0.7415263652801514 -3.740999698638916 -0.4743897020816803 1.710716962814331
1.02286596596241 0.061781999887898564 0.7415276970714331 -3.740999549627304 -0.4743904797360301 1.710716962814331
1.0228690207004547 0.06178356567397714 0.7415290288627148 -3.740999400615692 -0.4743912573903799 1.710716962814331
1.0228720754384995 0.06178513146005571 0.7415303606539965 -3.74099925160408 -0.4743920350447297 1.710716962814331
1.0228751301765442 0.06178669724613428 0.7415316924452782 -3.7409991025924683 -0.4743928126990795 1.710716962814331
1.022878184914589 0.06178826303221285 0.7415330242365599 -3.7409989535808563 -0.4743935903534293 1.710716962814331
1.0228812396526337 0.061789828818291426 0.7415343560278416 -3.7409988045692444 -0.4743943680077791 1.710716962814331
1.0228824615478516 0.06179045548196882 0.7415348887443542 -3.7409987673163414 -0.47439467906951904 1.7107169516384602
1.0228824615478516 0.06179045606404543 0.7415348887443542 -3.7409988045692444 -0.47439467906951904 1.7107169330120087
1.0228824615478516 0.06179045664612204 0.7415348887443542 -3.7409988418221474 -0.47439467906951904 1.7107169143855572
1.0228824615478516 0.06179045722819865 0.7415348887443542 -3.7409988790750504 -0.47439467906951904 1.7107168957591057
1.0228824615478516 0.06179045781027526 0.7415348887443542 -3.7409989163279533 -0.47439467906951904 1.7107168771326542
1.0228824615478516 0.061790458392351866 0.7415348887443542 -3.7409989535808563 -0.47439467906951904 1.7107168585062027
1.0228824652731419 0.06179045874159783 0.7415348868817091 -3.7409989684820175 -0.47439467906951904 1.7107168436050415
1.0228824838995934 0.06179045815952122 0.7415348775684834 -3.7409988939762115 -0.47439467906951904 1.7107168436050415
1.0228825025260448 0.06179045757744461 0.7415348682552576 -3.7409988194704056 -0.47439467906951904 1.7107168436050415
1.0228825211524963 0.061790456995368004 0.7415348589420319 -3.7409987449645996 -0.47439467906951904 1.7107168436050415
1.0228825397789478 0.061790456413291395 0.7415348496288061 -3.7409986704587936 -0.47439467906951904 1.7107168436050415
1.0228825584053993 0.061790455831214786 0.7415348403155804 -3.7409985959529877 -0.47439467906951904 1.7107168436050415
1.0228825770318508 0.061790455249138176 0.7415348310023546 -3.7409985214471817 -0.47439467906951904 1.7107168436050415
1.0228825807571411 0.06179045559838414 0.7415348291397095 -3.740998536348343 -0.47439467906951904 1.7107168585062027
1.0228825807571411 0.06179045618046075 0.7415348291397095 -3.740998573601246 -0.47439467906951904 1.7107168771326542
1.0228825807571411 0.06179045676253736 0.7415348291397095 -3.740998610854149 -0.47439467906951904 1.7107168957591057
1.0228825807571411 0.06179045734461397 0.7415348291397095 -3.740998648107052 -0.47439467906951904 1.7107169143855572
1.0228825807571411 0.06179045792669058 0.7415348291397095 -3.740998685359955 -0.47439467906951904 1.7107169330120087
1.0228825807571411 0.06179045850876719 0.7415348291397095 -3.740998722612858 -0.47439467906951904 1.7107169516384602
1.0228825733065605 0.06179045862518251 0.7415348328649998 -3.7409987449645996 -0.47439467906951904 1.710716962814331
1.022882554680109 0.0617904580431059 0.7415348421782255 -3.7409987449645996 -0.47439467906951904 1.710716962814331
1.0228825360536575 0.06179045746102929 0.7415348514914513 -3.7409987449645996 -0.47439467906951904 1.710716962814331
1.022882517427206 0.06179045687895268 0.741534860804677 -3.7409987449645996 -0.47439467906951904 1.710716962814331
1.0228824988007545 0.06179045629687607 0.7415348701179028 -3.7409987449645996 -0.47439467906951904 1.710716962814331
1.022882480174303 0.061790455714799464 0.7415348794311285 -3.7409987449645996 -0.47439467906951904 1.710716962814331
1.0228824615478516 0.061790455132722855 0.7415348887443542 -3.7409987449645996 -0.47439467906951904 1.710716962814331
